01911
02012
02019
02020
02025
02031
02032
02033
02035
02037
02041
02047
02050
02055
02057
02059
02062
02063
02065
02066
02068
02069
02072
02073
02076
02078
02079
02082
02084
02087
02089
02092
02097
02100
02102
02107
02108
02114
02115
02116
02117
02119
02120
02121
02125
02134
02136
02139
02140
02142
02148
02150
02152
02154
02156
02159
02161
02167
02168
02170
02171
02175
02180
02184
02185
02186
02188
02191
02194
02202
02210
02213
02215
02218
02219
02220
02226
02227
02229
02230
02231
02244
02245
02248
02249
02250
02251
02258
02259
02269
02274
02275
02276
02278
02282
02284
02285
02289
02291
02293
02294
02295
02296
02298
02299
02304
02306
02307
02309
02312
02315
02319
02321
02323
02328
02332
02334
02337
02338
02339
02348
02349
02350
02352
02355
02357
02359
02370
02373
02384
02387
02392
02396
02399
02403
02412
02413
02417
02425
